Time: 0.10896420478820801 - Blink Detected at: 1
Time: 0.5808303356170654 - Video ended at: 27
Face detection: 96.29629629629629
