Time: 0.2524540424346924 - Blink Detected at: 11
Time: 0.32942962646484375 - Video ended at: 17
Face detection: 94.11764705882352
