Time: 1.2265863418579102 - Blink Detected at: 84
Time: 1.6330246925354004 - Video ended at: 116
Face detection: 6.896551724137931
