Time: 0.3030672073364258 - Blink Detected at: 11
Time: 0.3338193893432617 - Blink Detected at: 12
