Time: 0.5984115600585938 - Blink Detected at: 18
Time: 0.6184055805206299 - Blink Detected at: 19
Time: 0.6393983364105225 - Blink Detected at: 20
Time: 1.0278282165527344 - Video ended at: 39
Face detection: 97.43589743589743
