Time: 1.9944710731506348 - Blink Detected at: 124
Time: 2.044454574584961 - Video ended at: 128
Face detection: 2.34375
