Time: 0.8153214454650879 - Blink Detected at: 43
Time: 0.8183190822601318 - Video ended at: 44
Face detection: 2.272727272727273
