Time: 0.37188100814819336 - Blink Detected at: 15
Time: 0.6158030033111572 - Blink Detected at: 31
Time: 0.6517910957336426 - Blink Detected at: 33
Time: 0.7457621097564697 - Video ended at: 40
Face detection: 10.0
