Time: 0.8130929470062256 - Blink Detected at: 43
Time: 0.8435263633728027 - Blink Detected at: 44
Time: 0.8906528949737549 - Blink Detected at: 46
