Time: 0.35188841819763184 - Blink Detected at: 13
Time: 0.3548870086669922 - Video ended at: 14
Face detection: 92.85714285714286
