Time: 0.6154515743255615 - Blink Detected
Time: 1.2705860137939453 - Blink Detected
